A[0.7292938,6.5554504,6.695526]
G[-0.5723419,0.20401001,-0.35464478]
A[0.8573761,6.37529,8.3762665]
G[-0.510025,0.16194153,-0.35305786]
A[0.118759155,6.483032,8.689301]
G[-0.16700745,0.012802124,-0.32962036]
A[0.037963867,6.699112,8.061417]
G[0.12060547,-0.1219635,-0.23161316]
A[0.12893677,6.937332,7.204895]
G[0.13713074,-0.14006042,-0.11869812]
A[0.102005005,7.115692,6.7721405]
G[0.017288208,-0.076156616,-0.0622406]
A[0.063705444,7.0462646,6.975052]
G[-0.03704834,-0.062301636,-0.033477783]
A[0.07687378,6.9433136,7.2066956]
G[-0.045028687,-0.053253174,-0.023880005]
A[0.14331055,6.96846,7.3754883]
G[-0.036514282,-0.041000366,-0.041992188]
A[0.2348938,7.024124,7.398224]
G[-0.008285522,-0.05857849,-0.06756592]
A[0.19717407,7.094757,7.1204987]
G[-0.020004272,-0.0793457,-0.08621216]
A[0.22770691,7.1174927,7.092972]
G[-0.056747437,-0.111831665,-0.101119995]
A[0.22471619,7.0055695,7.279114]
G[-0.07965088,-0.07774353,-0.12774658]
A[0.030776978,6.724243,7.213272]
G[-0.101501465,0.03250122,-0.17834473]
A[-0.05003357,6.8625183,7.271332]
G[-0.11854553,0.07991028,-0.1991272]
A[0.029586792,6.9337463,7.0959625]
G[-0.14942932,0.10441589,-0.2353363]
A[0.055923462,7.0534515,7.251587]
G[-0.09617615,-0.030883789,-0.27156067]
A[-0.3193817,6.8648987,6.940338]
G[0.046051025,-0.07295227,-0.25611877]
A[-0.41275024,6.998993,6.623703]
G[0.083862305,0.012802124,-0.22042847]
A[-0.061401367,6.8942413,6.465088]
G[-0.012008667,-0.069229126,-0.29925537]
A[-0.07637024,7.0624237,6.6494446]
G[-0.101501465,-0.100112915,-0.32322693]
A[-0.17033386,6.8200073,6.8810883]
G[-0.13664246,-0.011169434,-0.30511475]
A[-0.52407837,6.6661835,7.228241]
G[-0.11001587,0.0016174316,-0.24386597]
A[-0.6737213,6.6943207,7.197708]
G[-0.056228638,-0.1219635,-0.18473816]
A[-0.39179993,6.711685,6.908615]
G[-0.041305542,-0.22369385,-0.15490723]
A[-0.2918396,6.7912903,6.948715]
G[-0.07273865,-0.24446106,-0.114974976]
A[-0.1829071,6.5979614,7.069031]
G[-0.045562744,-0.24127197,-0.21617126]
A[-0.3319397,6.827194,6.9762573]
G[-0.021606445,-0.11769104,-0.2667694]
A[-0.33972168,6.6584015,6.4279785]
G[-0.16807556,0.06552124,-0.33015442]
A[-0.3678589,6.8714905,6.9295654]
G[-0.21974182,-0.014373779,-0.37382507]
A[-0.3564911,6.848755,7.9979706]
G[-0.07060242,-0.35897827,-0.33068848]
A[-0.42233276,6.7727356,7.331192]
G[0.039657593,-0.37016296,-0.24758911]
A[-0.27928162,6.9307556,7.0570526]
G[0.043380737,-0.29452515,-0.23587036]
A[-0.24217224,6.7134705,6.695526]
G[-0.03437805,-0.26470947,-0.32269287]
A[-0.4247284,6.629074,7.358124]
G[-0.059951782,-0.44100952,-0.3722229]
A[-0.5115204,6.7248535,7.3647156]
G[0.013015747,-0.576828,-0.2859497]
A[-0.4067688,6.8523407,7.326996]
G[0.12753296,-0.44207764,-0.18952942]
A[0.1421051,6.8044586,7.457489]
G[0.26441956,-0.4521942,-0.31417847]
A[0.3647766,7.031906,7.5616302]
G[0.364563,-0.71424866,-0.48355103]
A[-0.101501465,6.9888,7.0732117]
G[0.3219452,-0.7701721,-0.5187073]
A[-0.81796265,6.59317,6.604553]
G[0.15896606,-0.50598145,-0.45851135]
A[-0.7754669,6.6817474,6.6841583]
G[-0.010940552,-0.26417542,-0.37968445]
A[-0.8437042,6.557846,7.3054504]
G[0.021011353,-0.41278076,-0.26091003]
A[-0.48338318,6.798477,8.153]
G[0.2564392,-0.7984009,-0.2657013]
A[0.20735168,7.067215,7.833374]
G[0.4806671,-1.104126,-0.49580383]
A[0.14630127,6.9433136,6.943924]
G[0.44125366,-1.2106628,-0.71365356]
A[-0.108688354,7.1402435,6.8595276]
G[0.22128296,-1.4988098,-0.8340149]
A[-0.40377808,6.798477,6.484848]
G[0.105163574,-1.6069336,-0.83029175]
A[-0.22480774,6.4914093,6.8391876]
G[0.30862427,-1.4604645,-0.7796936]
A[0.10800171,6.5309143,6.9924164]
G[0.5515137,-1.4604645,-0.7674408]
A[0.27020264,6.9505005,6.635681]
G[0.6260834,-1.5435486,-0.7040558]
A[0.4635315,7.3610992,6.1783752]
G[0.47268677,-1.5984192,-0.5751648]
A[0.7418518,7.5269012,5.473892]
G[0.14671326,-1.7273102,-0.5852814]
A[0.61198425,6.9744415,4.3881226]
G[-0.38165283,-1.692688,-0.62416077]
A[0.5060272,6.9223633,5.836609]
G[-0.477005,-1.6580658,-0.48620605]
A[1.0674744,6.75058,5.728882]
G[-0.23678589,-1.3448792,-0.708313]
A[1.2889404,5.7683716,5.659439]
G[-0.15635681,-0.8191681,-1.0896912]
A[1.8898773,6.2160797,6.940933]
G[0.12913513,-1.2692413,-1.1125946]
A[1.7414398,7.5562286,7.802841]
G[0.5680237,-2.792038,-1.0268402]
A[0.8603668,6.8828735,7.7519684]
G[0.78533936,-3.8306732,-0.8707733]
A[-0.37265015,7.079193,3.501068]
G[0.28466797,-2.4005585,-0.3637085]
A[1.718689,8.029083,2.5649414]
G[-0.4381256,-1.1925507,-0.040405273]
A[4.2703094,7.9698334,2.7887878]
G[-1.0176239,-1.0961456,-0.14958191]
A[5.0681915,7.4802094,4.1343384]
G[-1.2530518,-0.93795776,-0.3882141]
A[5.00354,6.698517,6.6769714]
G[-0.99632263,-0.9885559,-0.75839233]
A[4.3930206,7.0301056,7.353943]
G[-0.49884033,-0.91238403,-0.9485321]
A[3.533493,8.13623,6.1029663]
G[-0.29110718,-0.69506836,-0.8585205]
A[3.4443207,8.650391,5.8432007]
G[-0.2559662,-0.6737671,-0.80952454]
A[3.4269562,7.695694,5.7085266]
G[-0.7236023,-0.66204834,-1.0912781]
A[2.778717,8.470215,4.745453]
G[-0.89352417,0.10441589,-1.1892853]
A[2.9175873,7.542465,6.655426]
G[-0.6943207,0.6412964,-1.2031403]
A[1.9754791,8.220627,7.271332]
G[-0.5686188,0.71481323,-1.0044708]
A[1.658844,8.776077,8.100922]
G[-0.50416565,0.3052063,-0.5783539]
A[2.216095,8.619858,8.772507]
G[-0.40350342,-0.38294983,-0.25930786]
A[2.0921936,7.7489624,8.357101]
G[-0.23518372,-0.6945343,-0.07608032]
A[1.9066315,7.2048798,7.5077667]
G[-0.18725586,-0.58161926,-0.035079956]
A[1.9862518,6.6494293,6.342392]
G[-0.14570618,-0.12728882,-0.21617126]
A[2.17659,5.549301,7.105545]
G[-0.085510254,-0.007980347,-0.53681946]
A[1.1105652,7.0803833,7.339569]
G[0.13446045,0.03996277,-0.57196045]
A[0.37374878,8.577362,7.1348724]
G[0.26867676,0.099090576,-0.36317444]
A[0.7173157,8.078766,5.203949]
G[0.14031982,0.4112091,-0.19059753]
A[1.303894,6.6620026,4.9178314]
G[-0.06048584,0.5992279,-0.19752502]
A[1.4822693,7.3311768,5.875519]
G[-0.10362244,0.38723755,-0.14852905]
A[1.719284,7.162979,6.1233215]
G[0.07800293,0.34249878,-0.045196533]
A[1.7701721,6.6422424,6.851761]
G[0.31929016,0.16619873,-0.040405273]
A[1.8713226,6.3459625,6.9690704]
G[0.5909271,-0.1816101,-0.05744934]
A[1.8108673,6.260971,5.6881714]
G[0.72727966,-0.28707886,0.015533447]
A[1.7845306,6.4991913,3.6842194]
G[0.53712463,-0.0947876,0.07357788]
A[2.0484924,6.3303986,3.7829895]
G[0.4119568,-0.051116943,0.025115967]
A[1.9527283,7.0343018,3.9062805]
G[0.1035614,-0.45166016,0.048553467]
A[2.8068542,6.537506,4.3210907]
G[-0.5861969,-1.1408844,-0.02494812]
A[2.782318,6.509369,4.3007355]
G[-1.2977905,-1.7454224,-0.10272217]
A[3.16539,6.09877,6.002411]
G[-1.082077,-1.7651215,-0.17675781]
A[4.2373962,5.8791046,6.7039185]
G[-0.7262726,-1.6420898,-0.49420166]
A[4.4744263,6.500992,6.3896637]
G[-0.6836548,-1.5632629,-0.8872833]
A[5.1675415,5.9664917,7.0714264]
G[-0.73106384,-1.6250458,-1.2931519]
A[3.0373077,6.3920593,6.7763367]
G[-0.8141632,-1.5600586,-1.2484131]
A[4.417557,6.837967,7.802246]
G[-0.9015045,-1.9041443,-1.2830353]
A[5.453644,6.0891876,8.445694]
G[-0.8093567,-2.534256,-1.6089935]
A[4.446884,6.01915,7.5233154]
G[-0.8519745,-2.7382507,-1.774643]
A[1.8090668,6.782303,6.445343]
G[-1.1268158,-2.5805817,-1.5301666]
A[3.0917664,6.826004,8.191315]
G[-1.2631683,-3.0050964,-1.4172516]
A[4.2385864,6.679367,8.891602]
G[-1.1380005,-3.5590363,-1.5014038]
A[3.8279877,5.9431458,8.176941]
G[-1.1268158,-3.6149597,-1.4476166]
A[1.5199738,7.3054504,7.5382843]
G[-1.3004456,-3.235733,-1.072113]
A[4.188324,7.0690155,9.534454]
G[-1.1214905,-3.1606293,-1.0944824]
A[6.0366364,6.561447,10.155151]
G[-0.81788635,-3.5020447,-1.3469391]
A[5.703247,6.498001,9.27887]
G[-0.9403839,-3.8115082,-1.3591919]
A[3.7262268,6.9858246,7.5185394]
G[-1.2200165,-3.4125671,-1.1450806]
A[5.4488525,7.1258698,8.304428]
G[-1.2056427,-3.0604858,-1.1450806]
A[6.858444,6.873291,8.916153]
G[-0.9920502,-3.2138824,-1.3618622]
A[7.194229,6.5859833,9.065186]
G[-0.7092285,-3.510025,-1.4593353]
A[6.2664795,6.4213867,7.259369]
G[-0.781662,-3.381668,-1.3895569]
A[6.7129974,6.600952,6.0329285]
G[-1.0495758,-3.0061646,-1.3943481]
A[7.3857727,6.8236084,6.5225525]
G[-1.082077,-2.8586273,-1.4588013]
A[8.399109,6.505783,6.7799225]
G[-0.95903015,-2.7547607,-1.6089935]
A[9.142517,5.7534027,6.2346497]
G[-1.0490417,-2.5081482,-1.884903]
A[8.42186,5.552292,5.5977936]
G[-1.2727509,-2.0767212,-2.137909]
A[8.289581,5.260788,6.1472626]
G[-1.2637024,-1.7464905,-2.3280487]
A[7.576706,5.209915,6.406433]
G[-1.1129608,-1.5701904,-2.380249]
A[6.326935,5.2715607,7.4209747]
G[-0.89352417,-1.7166595,-2.2625427]
A[5.5033264,5.2500153,7.798065]
G[-0.699646,-2.1811218,-2.011673]
A[5.5356445,4.901657,6.5949707]
G[-0.64904785,-2.3872375,-1.8374939]
A[5.6996613,4.2348785,5.3254547]
G[-0.65330505,-2.1928253,-1.8183289]
A[5.4680176,3.817688,4.6652527]
G[-0.749176,-1.9254456,-1.8636017]
A[5.61705,3.6447144,4.887314]
G[-0.79125977,-1.6692505,-1.9504242]
A[5.423126,3.5752869,4.983078]
G[-0.76994324,-1.5403595,-1.9637299]
A[4.4193573,3.9457855,5.567856]
G[-0.63412476,-1.6074677,-1.8284454]
A[3.1324615,3.952362,5.58342]
G[-0.43917847,-1.7044067,-1.5855713]
A[2.1879578,3.7057495,4.315689]
G[-0.45568848,-1.6522064,-1.3069916]
A[1.8024902,3.6429138,3.3286896]
G[-0.6612854,-1.5680542,-1.0097961]
A[1.4236145,3.7925415,4.2660065]
G[-0.6826019,-1.6415558,-0.68914795]
A[0.864563,4.0726624,5.3206635]
G[-0.34490967,-1.6506195,-0.37861633]
A[0.1085968,3.9721222,4.8914948]
G[-0.038650513,-1.6117249,-0.021759033]
A[-0.0063323975,3.5998077,3.6363373]
G[-0.022659302,-1.5206451,0.35162354]
A[-0.7407532,3.738678,2.6391602]
G[-0.16593933,-1.14888,0.72499084]
A[-0.61206055,3.406479,3.4920807]
G[-0.06260681,-0.5715027,0.9369812]
A[-0.18530273,2.3386688,4.643097]
G[0.29743958,-0.19546509,1.0957031]
A[0.075668335,1.4707794,6.2106934]
G[0.54244995,-0.50172424,1.4541626]
A[-0.36906433,0.15814209,6.8307953]
G[0.7981262,-0.7392731,1.9228821]
A[-2.415512,-0.81030273,7.2575684]
G[1.3328857,-0.055908203,2.6051788]
A[-5.805084,-1.8140869,7.991989]
G[2.0034637,1.1244049,3.992157]
A[-4.8258667,-6.613861,10.704025]
G[2.6815033,1.7129669,5.579941]
A[-0.0039367676,-13.169174,13.428619]
G[3.4506226,1.9595642,6.5184326]
A[1.9988251,-18.361603,16.726044]
G[4.2655487,2.1518555,7.5027313]
A[0.35998535,-24.13881,18.607285]
G[4.653839,3.085556,9.129929]
A[4.082962,-33.49655,22.773193]
G[4.7571716,5.6906586,10.159515]
A[10.876511,-39.471878,33.848175]
G[4.4967194,6.9711,10.489746]
A[17.05655,-39.793304,36.711044]
G[2.6628723,7.2321014,10.18454]
A[16.96318,-39.81305,36.296844]
G[0.29371643,10.825226,9.372284]
A[20.722076,-39.81305,38.880188]
G[-0.18139648,12.799164,9.114487]
A[23.130035,-39.81305,38.894547]
G[0.9035797,9.792984,10.830627]
A[31.173355,-39.81305,38.90532]
G[4.6772766,3.3790283,13.172607]
A[38.76956,-39.81305,38.90532]
G[9.542343,-0.12301636,12.722534]
A[38.97966,-39.81305,34.155823]
G[11.2030945,0.41918945,10.206909]
A[36.586044,-39.81305,15.186569]
G[9.630768,1.2479706,6.6563873]
A[37.200165,-38.1808,-1.0138092]
G[7.1763916,2.9135132,2.1998596]
A[32.61647,-26.836487,-13.434921]
G[3.6072235,5.664032,-0.76690674]
A[25.113632,-15.969788,-1.0946045]
G[1.6002655,4.82193,-0.9543915]
A[13.665161,-8.393341,10.861435]
A[12.705078,-8.933838,5.244644]
G[3.7086945,1.3880615,0.8562927]
A[13.099533,-8.037201,-3.9036102]
G[3.1630096,1.4575653,0.46214294]
A[12.885254,-4.9121704,-4.0269165]
G[2.7664642,1.0266724,0.20755005]
A[9.244858,-1.8314362,-4.562607]
G[2.179245,0.22239685,0.42219543]
A[7.984329,0.10069275,-4.7769012]
G[1.7454071,-0.3802948,0.36627197]
A[6.640564,0.6657257,-3.7414093]
G[1.5177155,-0.63009644,-0.004180908]
A[4.6216583,1.4593964,-2.2797394]
G[1.2130432,-0.6735077,-0.41723633]
A[1.595993,3.2077637,-1.98526]
G[0.92222595,-0.19946289,-0.6606598]
A[0.09542847,4.4324036,-1.2999115]
G[0.5528412,-0.031143188,-0.72216797]
A[-0.6300354,5.794693,0.6322174]
G[0.34458923,-0.24845886,-0.6569214]
A[-1.6439667,6.5105743,2.658905]
G[0.4167633,-0.37016296,-0.63882446]
A[-2.6088257,6.3932495,4.303131]
G[0.6702881,-0.54566956,-0.6148529]
A[-4.201584,7.2545624,4.1080017]
G[0.7461853,-0.7232971,-0.33468628]
A[-4.46434,7.586151,3.7195435]
G[0.765625,-0.88201904,-0.04386902]
A[-3.9777222,7.5382843,3.50885]
G[0.79626465,-0.8343506,0.07385254]
A[-3.4970856,7.233017,2.900116]
G[0.6668396,-0.5826874,-0.03614807]
A[-3.2839966,7.3425446,2.5391998]
G[0.51156616,-0.4580536,-0.12722778]
A[-2.4897156,7.18573,2.9414215]
G[0.37228394,-0.7022705,-0.14266968]
A[-1.3668365,7.355118,3.303543]
A[-0.7611084,7.2384033,3.7985382]
A[-0.6671295,7.168976,4.3839264]
G[0.2638855,-0.7302246,-0.5682373]
G[0.30703735,-0.68974304,-0.59007263]
A[-1.4368744,6.9487,4.481491]
G[0.5163574,-0.5395355,-0.6694336]
A[-1.6882629,6.8355713,4.037964]
G[0.53819275,-0.5938721,-0.6981964]
A[-1.6140442,6.9463196,3.4394073]
G[0.27560425,-0.81225586,-0.6859436]
A[-1.7475128,7.256958,5.3098907]
G[0.31608582,-1.373642,-0.4963379]
A[-2.791397,7.5837708,6.730835]
G[0.84872437,-1.9105377,-0.1053772]
A[-2.8715973,7.3347626,5.8186493]
G[1.4063873,-1.9419556,0.13589478]
A[-1.3967743,6.7290344,3.2861786]
G[1.243927,-1.7859039,-0.0015106201]
A[0.34143066,6.1400604,1.2110138]
G[0.6356659,-1.3193207,-0.45106506]
A[0.63352966,6.39505,2.484726]
G[0.37574768,-0.94487,-0.769577]
A[-0.5294647,7.75914,4.2809753]
G[0.60424805,-1.0002747,-0.63108826]
A[-1.0244751,8.43251,4.465927]
G[0.76457214,-1.1174469,-0.31097412]
A[0.16545105,7.335968,3.2311249]
G[0.5989227,-0.5975952,-0.4782257]
A[-0.13621521,7.7992554,2.651123]
G[0.43113708,0.14276123,-0.78715515]
A[-0.0236969,8.754532,3.6105957]
G[0.3368683,0.042617798,-0.8127136]
A[-0.01411438,8.917343,4.7197113]
G[0.16801453,-0.5246277,-0.6912689]
A[-0.8616638,8.625244,4.659256]
G[0.20263672,-0.5635071,-0.6183014]
A[-3.0260315,10.025253,3.4459991]
G[0.26123047,0.010131836,-0.4590454]
A[-3.0044708,10.080322,2.508072]
G[0.10942078,0.6753998,-0.34294128]
A[-2.348465,9.619446,4.484482]
G[0.04977417,0.41386414,-0.12988281]
A[-2.0665436,9.097504,6.1400757]
G[0.22128296,-0.4399414,0.15614319]
A[-2.3263245,9.228592,4.520401]
G[0.3107605,-0.6087799,0.112472534]