A[-0.8501892,-7.594116,5.7490234]
A[-1.6654205,-7.549225,9.721008]
A[-1.9634857,-7.530075,10.743927]
A[-1.6043701,-7.4253387,8.297058]
A[-1.818039,-7.4043884,5.4036713]
A[-1.885086,-7.260727,4.9176483]
G[0.2913971,0.68873596,0.04888916]
A[-2.1149292,-7.3493195,5.506012]
G[0.029876709,0.5332184,0.115997314]
A[-2.577011,-7.327179,7.1645966]
G[-0.005279541,0.255188,0.24118042]
A[-2.5171509,-7.267914,8.354523]
G[0.08633423,0.25624084,0.32691956]
A[-2.1490479,-6.8549194,9.692291]
G[0.21842957,0.7878113,0.31307983]
A[-1.6660156,-6.2809143,10.925293]
G[0.59233093,1.3449554,0.20655823]
A[-2.496811,-7.1643677,10.781647]
G[1.0392151,1.4583893,0.15222168]
A[-3.8345642,-7.98378,10.013702]
G[1.2506714,1.3039246,0.23904419]
A[-5.1711273,-8.609268,10.022079]
G[1.3806305,0.90605164,0.51919556]
A[-4.8281555,-8.614044,9.94368]
G[1.3811646,0.61364746,0.7194824]
A[-4.5821533,-8.866043,10.591309]
G[1.4519958,0.5843506,0.685379]
A[-4.975998,-7.9819794,12.841263]
G[1.8834381,1.3236389,0.5911102]
A[-5.367447,-7.538452,14.324463]
G[2.739914,2.427246,0.5788574]
A[-5.6667175,-7.2427826,13.015442]
G[3.5255432,3.2432404,0.6635437]
A[-5.821747,-7.4684296,10.117249]
G[3.8525696,3.3827972,0.8361206]
A[-7.4372406,-7.576172,8.490997]
G[3.9580383,3.0909119,1.1375885]
A[-9.0186,-6.3928375,7.5626373]
G[4.051773,3.1569672,1.7069702]
A[-7.114624,-6.066025,5.9926453]
G[4.0592346,3.3300629,2.0228271]
A[-3.549057,-5.5003967,4.268814]
G[3.8041077,3.520218,1.9642334]
A[-1.8318024,-4.8671265,2.7413177]
G[3.4302063,3.125534,1.6904602]
A[-3.1168976,-3.9531403,0.51950073]
G[3.012619,2.486374,1.4294739]
A[-5.284851,-3.4557495,-1.1163483]
G[2.1177979,1.9697266,1.463028]
A[-5.4889526,-2.7596283,0.5260773]
G[1.244812,3.362564,1.3144226]
A[-4.486389,-2.4519806,4.5225983]
G[1.0338898,3.99852,0.9277344]
A[-6.2981873,-1.8701935,6.6295013]
G[1.7289734,2.2605438,0.99324036]
A[-7.7556763,-1.026825,5.098999]
G[2.0128632,1.3044586,1.0523682]
A[-8.493088,-1.3464508,4.137726]
G[1.6192474,2.8906403,0.8984375]
A[-9.098206,-1.0848846,2.7203674]
G[0.98168945,4.1801453,0.89204407]
A[-8.564911,-0.6066437,1.197052]
G[0.2999115,2.73938,1.1658173]
A[-6.1563416,0.4085083,2.0559692]
G[-0.2710724,0.65252686,1.3772736]
A[-3.3533325,1.1842194,5.6664276]
G[-0.54803467,0.4644928,0.92240906]
A[-4.959244,1.6870117,9.7096405]
G[-0.154953,1.0456085,0.41215515]
A[-7.2002106,1.1824341,10.4326935]
G[0.6189728,1.244278,0.27471924]
A[-7.075119,0.802948,9.146408]
G[1.3236389,1.2208405,0.19003296]
A[-6.4915314,0.93881226,7.985214]
G[1.9888916,0.7723694,0.13252258]
A[-5.7816467,-0.35585022,6.2153015]
G[2.437912,0.33720398,0.087249756]
A[-5.6942596,-1.2381134,4.0581207]
G[2.4661407,0.63227844,-0.0922699]
A[-5.809784,-1.7851868,3.702591]
G[2.4155273,1.0637207,-0.20411682]
A[-5.0657806,-2.0617218,4.2586365]
G[2.743103,0.89912415,-0.33461]
A[-5.0687714,-2.1167908,3.959961]
G[3.1542969,0.32814026,-0.5332794]
A[-6.865616,-2.6848145,3.5756989]
G[3.5969086,0.09272766,-0.66004944]
A[-8.4170685,-3.5185852,0.28785706]
G[3.556961,0.14546204,-0.5982666]
A[-7.537796,-2.9936676,-1.8699188]
G[2.9865112,-0.27851868,-0.58815]
A[-6.5729218,-2.935608,0.9911499]
G[2.8789215,-1.2266083,-0.7862854]
A[-7.27742,-3.6885834,3.0004883]
G[3.2720032,-2.321167,-1.005722]
A[-9.189194,-5.071228,2.1750793]
G[3.46109,-2.9938812,-1.147934]
A[-10.582031,-4.477478,2.4007416]
G[3.4051666,-2.3174438,-1.5149231]
A[-12.474045,-5.3603363,4.932617]
G[3.8957214,-1.4316711,-1.7897644]
A[-14.293625,-6.577194,3.3003693]
G[4.4496613,-1.8854675,-1.6848297]
A[-13.936905,-7.5480347,0.08973694]
G[4.4895935,-3.162735,-1.6629944]
A[-15.363831,-7.328369,-1.4533386]
G[3.92128,-3.674057,-1.719986]
A[-18.324265,-6.7603455,1.1521606]
G[3.5857239,-3.098816,-1.7269135]
A[-20.89804,-6.8088226,2.9065094]
G[3.8536377,-3.4791107,-1.4339752]
A[-20.711884,-6.0456696,0.8540802]
G[3.8467255,-4.486328,-1.0643158]
A[-18.891693,-5.4279785,-0.8523865]
G[3.1942444,-4.930542,-0.890152]
A[-17.945389,-3.0750732,0.18251038]
G[2.2227173,-4.5699463,-0.92477417]
A[-17.889725,-2.355606,7.7128754]
G[2.4224548,-4.1773987,-0.89601135]
A[-19.33104,-2.4669342,11.383194]
G[3.6256714,-4.8602295,-0.5306244]
A[-18.162064,-2.1203766,9.122467]
G[4.40065,-5.4178925,-0.3330078]
A[-17.328293,-1.7708282,6.0052185]
G[4.192398,-4.6690063,-0.29145813]
A[-16.596252,-0.60365295,7.2603607]
G[4.098114,-4.266876,-0.14073181]
A[-13.314407,-0.2720642,8.753159]
G[4.513565,-4.420807,-0.18814087]
A[-13.512527,-0.3414917,6.647461]
G[4.8027954,-4.7521057,-0.14338684]
A[-16.409515,-0.1637268,3.1938171]
G[4.3601837,-4.536392,0.50216675]
A[-13.526291,2.1951752,-0.091033936]
G[3.397705,-3.7017517,0.90483093]
A[-8.580475,3.7100983,-0.4459839]
G[2.5108795,-3.2639313,0.828125]
A[-6.2760468,4.186554,1.5382233]
G[2.153473,-3.2985535,0.64224243]
A[-7.561737,4.894043,3.7402954]
G[2.2408295,-3.182434,0.668869]
A[-7.8759766,5.453079,3.4643555]
G[2.1343079,-2.2322235,0.8861847]
A[-4.9418793,5.7894745,1.1802979]
G[1.79982,-1.3112946,0.8931122]
A[-2.9541016,6.6513824,-1.2240906]
G[1.2272339,-1.2351379,0.78445435]
A[-1.849762,6.811798,-0.6500702]
G[0.6972656,-1.4945221,0.7327881]
A[-2.4058228,6.610672,1.5262604]
G[0.36276245,-1.3901215,0.715744]
A[-2.5740204,6.04924,4.192795]
G[0.3228302,-0.42552185,0.7237396]
A[-2.5321198,5.618286,2.7101898]
G[0.24240112,-0.04949951,0.856369]
A[-2.7374268,5.546463,0.87742615]
G[-0.27319336,-0.5363159,1.2009735]
A[-2.3764954,5.6087036,3.0298157]
G[-0.6401825,-0.85749817,1.4886017]
A[-1.5044098,5.5279083,5.2588196]
G[-0.7008972,-0.60289,1.5173645]
A[-1.2931213,5.4626617,5.9220123]
G[-0.70835876,-0.1618805,1.447052]
A[-1.0159912,5.257965,6.3769073]
G[-0.5879822,-0.21354675,1.4608917]
A[-0.8424072,5.029312,6.354767]
G[-0.5123596,-0.2987671,1.5045776]
A[-0.94654846,4.7019043,6.121338]
G[-0.5778656,-0.31474304,1.6185608]
A[-0.048736572,4.700119,5.9034576]
G[-0.72328186,-0.17945862,1.623352]
A[1.4793701,4.7503815,7.165802]
G[-0.66041565,0.014968872,1.4150848]
A[2.6046448,4.810837,8.464661]
G[-0.41114807,0.3617096,1.0140228]
A[2.7530975,4.6665955,8.307236]
G[-0.084121704,0.7132416,0.5474396]
A[1.3099823,4.3583374,7.2340393]
G[0.14118958,0.8250885,0.30828857]
A[0.2655182,4.3032684,6.311661]
G[0.16462708,1.0349579,0.20388794]
A[0.12904358,4.5971527,6.8198395]
G[0.2019043,1.3635864,0.03024292]
A[0.40737915,5.0305176,7.814636]
G[0.38887024,1.5260315,-0.23554993]
A[0.54623413,5.328598,7.6069336]
G[0.5955353,1.8466797,-0.5913391]
A[1.0969086,5.491394,4.763214]
G[0.54919434,2.215805,-1.0866852]
A[1.557785,5.0113525,3.813919]
G[0.33613586,2.7026215,-1.8504791]
A[-0.79870605,3.902832,7.7014923]
G[0.6216278,3.584137,-2.4773865]
A[-3.8764648,2.7661896,7.6787567]
G[1.1777039,3.7844086,-2.6062927]
A[-6.0623627,2.703949,4.5621033]
G[1.2661133,3.3029022,-2.4747314]
A[-6.4891357,3.7095032,4.8703613]
G[1.2639923,3.091446,-2.3943024]
A[-6.469986,4.3553467,5.8406067]
G[1.3646545,3.0253906,-2.3543549]
A[-6.217392,4.5205383,4.5585175]
G[1.2852936,2.9939728,-2.437973]
A[-5.475189,3.529953,5.407257]
G[1.420044,2.8112793,-2.6717987]
A[-4.1757355,2.2370758,4.7440643]
G[1.7433472,2.931656,-3.1783295]
A[-3.5670166,1.2722015,0.5721741]
G[1.6773071,3.3657532,-3.8601074]
A[-4.5558167,0.33068848,-2.8012695]
G[1.2506714,3.4200745,-4.555191]
A[-7.6706696,-1.4128876,-1.5766296]
G[0.9737091,2.8421783,-4.920578]
A[-10.467102,-3.3839264,2.2510986]
G[1.2256317,2.4442902,-5.0569305]
A[-10.910034,-4.576233,-1.3066864]
G[1.151062,2.409668,-5.447876]
A[-12.717056,-5.979233,-4.517914]
G[0.49539185,2.2365723,-5.8196564]
A[-15.277649,-8.860657,-3.9600677]
G[-0.09370422,2.121521,-6.0961]
A[-19.254425,-11.281189,-2.593567]
G[-0.5032959,1.816864,-5.9783783]
A[-22.190903,-12.574661,-1.5491028]
G[-0.77227783,1.627243,-5.55867]
A[-25.672668,-13.14389,-2.4882202]
G[-1.1967773,1.1446686,-4.79541]
A[-26.46695,-13.134903,-2.4307709]
G[-1.6452637,1.1862183,-4.042267]
A[-25.628387,-13.464706,-4.5532227]
G[-2.3025208,1.3950195,-3.5059052]
A[-25.20102,-14.883865,-3.6117096]
G[-2.942215,1.3358917,-3.0569]
A[-24.340302,-16.119873,-2.8838654]
G[-3.4114685,1.4264374,-2.7831268]
A[-23.316788,-17.352295,-4.3275757]
G[-4.1246643,1.4642639,-2.647293]
A[-22.842133,-18.029251,-1.2641907]
G[-4.75531,1.6410828,-2.6797943]
A[-21.973038,-18.344086,4.5501404]
G[-4.6237335,2.167862,-2.96315]
A[-22.289658,-19.544785,6.6785736]
G[-4.2040253,2.518341,-3.2241364]
A[-20.953094,-20.841248,0.80918884]
G[-4.3819275,2.7782593,-3.312027]
A[-19.457336,-22.793121,-5.569565]
G[-5.924423,2.169464,-3.2081604]
A[-17.864578,-25.472824,-1.632904]
G[-7.4413605,1.8754425,-3.0872498]
A[-17.147522,-28.236343,1.8632507]
G[-8.583862,2.391037,-3.298172]
A[-14.302612,-30.490479,-4.9991455]
G[-10.135956,3.2437744,-3.9565125]
A[-15.830109,-36.941055,-8.207977]
G[-12.4566345,2.8320618,-4.4220276]
A[-17.977707,-38.764236,-5.3043976]
G[-14.518448,2.8267212,-4.604187]
A[-25.16211,-38.77681,-0.41305542]
G[-16.235657,-0.4202118,-3.3594208]
A[-38.378098,-38.66487,31.09166]
G[-12.936005,-8.86882,2.801529]
A[-11.399643,-24.668365,34.29689]
G[-7.054138,-8.614227,6.2828217]
A[8.283707,-8.282455,16.754578]
G[-7.0525513,-1.6127625,4.2540283]
A[6.4964294,-4.9227905,25.974045]
G[-5.3550415,0.38354492,2.3621063]
A[0.8484955,0.58148193,25.08879]
G[-3.0705872,-0.2763977,2.1240234]
A[0.9879761,3.274353,19.992737]
G[-1.458847,-1.7571106,2.483551]
A[2.9075165,4.755783,12.516846]
G[-0.51501465,-1.9701691,2.5485382]
A[5.5650787,6.4939575,6.7402344]
G[-0.4841156,-0.3184662,1.7298737]
A[4.821686,7.2397614,4.149704]
G[-0.60395813,0.59072876,0.91867065]
A[-0.4569397,7.9681854,1.5142822]
G[-0.86761475,-0.9565735,1.1530304]
A[-2.620697,8.266876,1.073761]
G[-1.0215454,-3.3283844,2.0659637]
A[0.81617737,8.754684,1.8991547]
G[-0.9842682,-3.6335754,2.4931335]
A[5.577057,9.282608,1.9183044]
G[-1.2862701,-1.4353943,1.9125671]
A[4.1818237,8.681076,-0.42681885]
G[-2.2141113,0.34838867,1.0891266]
A[2.1659088,8.6792755,2.4019318]
G[-2.557129,-0.68066406,0.81321716]
A[3.096054,9.969742,7.6392517]
G[-1.7081146,-1.5440521,0.5192108]
A[2.232956,9.650116,7.9888]
G[-0.6774597,-0.9011688,0.36260986]
A[1.976181,10.255264,3.7127686]
G[-0.45057678,-0.013809204,0.11280823]
A[1.5392303,9.242508,2.0619507]
G[-0.7589569,0.44213867,-0.32235718]
A[1.415329,9.912888,4.956543]
G[-0.7669525,0.5417328,-0.57536316]
A[0.25115967,9.62558,7.0616455]
G[-0.031921387,-0.3972931,-0.510376]
A[-0.24864197,9.469955,6.2296753]
G[0.6226959,-0.7285919,-0.32502747]
A[-0.051132202,9.635162,2.753891]
G[0.5955353,0.028808594,-0.29359436]
A[-0.1708374,9.787781,0.477005]
G[0.12788391,0.26210022,-0.2818756]
A[-0.6155548,9.833282,2.626999]
G[0.04585266,-0.12565613,-0.14872742]
A[0.084747314,9.619003,3.7570496]
G[0.353714,-0.29769897,-0.10292053]
A[0.3547058,9.602844,2.572525]
G[0.49432373,-0.0063476562,-0.18121338]
A[0.1715393,9.624985,0.63261414]
G[0.21842957,0.23919678,-0.2184906]
A[0.12605286,9.388565,1.8895721]
G[0.063430786,0.2802124,-0.2696228]
A[-0.3192749,8.93306,3.3817596]
G[0.34732056,0.36543274,-0.28082275]
A[-0.4605255,8.946823,2.0535736]
G[0.55026245,0.255188,-0.21530151]
A[-0.031967163,9.138351,-0.24964905]
G[0.3963318,0.09591675,-0.18547058]
A[0.3277588,9.115021,-1.1103668]
G[0.03945923,0.009109497,-0.21104431]
A[-0.44197083,8.965378,0.276474]
G[-0.16400146,-0.013809204,-0.16470337]
A[-0.90226746,9.111435,3.2081757]
G[0.14758301,-0.2130127,-0.047531128]
A[-0.27139282,9.42746,4.168869]
G[0.64346313,0.23973083,-0.16044617]
A[-0.1199646,9.454987,1.3748322]
G[0.64134216,0.36650085,-0.28240967]
A[-0.517395,9.556747,-1.3036957]
G[0.19499207,0.12149048,-0.25631714]
A[-0.42521667,9.465775,-1.1492615]
G[-0.25775146,-0.01008606,-0.21157837]
A[-0.21992493,9.387955,0.73017883]
G[-0.2886505,-0.09156799,-0.19400024]
A[-0.75561523,9.139557,1.489151]
G[-0.12246704,-0.22259521,-0.14926147]
A[-1.3811035,9.338882,1.5765381]
G[-0.05908203,-0.3126068,-0.04751587]
A[-0.48806763,9.601639,1.1659241]
G[-0.05482483,-0.31474304,-0.04272461]
A[-0.44976807,9.574112,-0.43759155]
G[-0.27851868,-0.45002747,-0.036331177]
A[-0.37913513,9.717758,-0.33703613]
G[-0.56988525,-0.5448456,-0.043792725]
A[-0.31269836,10.03978,1.9428558]
G[-0.518219,-0.30941772,-0.09971619]
A[-0.9058533,9.64473,3.3464508]
G[-0.12460327,-0.053756714,-0.12155151]
A[-0.9866638,9.459778,2.7532806]
G[0.15397644,0.02722168,-0.14819336]
A[-1.2153015,9.681839,0.781662]
G[0.058639526,-0.26786804,-0.11303711]
A[-1.1440735,9.955978,0.271698]
G[-0.14804077,-0.3578949,-0.06350708]
A[-0.8753357,9.98172,0.8421173]
G[-0.25775146,-0.22633362,-0.07522583]
A[-0.7633972,10.136139,2.0733337]
G[-0.16667175,-0.19862366,-0.0539093]
A[-1.0441132,9.935028,2.453415]
G[0.13053894,-0.30622864,-0.00491333]
A[-1.0884094,9.735123,1.5567932]
G[0.11935425,0.016555786,-0.045928955]
A[-0.8304291,9.6046295,1.1940613]
G[-0.020202637,0.13800049,-0.13275146]
A[-0.9704895,9.54657,1.556778]
G[-0.015945435,0.029342651,-0.16151428]
A[-1.0758362,9.663895,0.87323]
G[-0.07772827,-0.074523926,-0.13859558]
A[-1.7845306,9.484924,0.6655426]
G[-0.26254272,0.1699524,-0.116241455]
A[-1.968277,9.709381,2.4641876]
G[-0.20394897,0.3478546,0.029174805]
A[-0.65327454,9.952393,3.3919373]
G[0.27542114,-0.11820984,0.12345886]
A[0.32417297,9.721344,1.3448944]
G[0.31376648,-0.1038208,-0.056045532]
A[0.19847107,9.879974,0.27288818]
G[0.122558594,-0.076660156,-0.20678711]
A[-0.7807617,9.762054,1.0270691]
G[0.014968872,0.14918518,-0.24299622]
A[-0.8717346,9.642334,2.1074524]
G[0.131073,0.23440552,-0.22595215]
A[-1.3152618,9.370605,1.9236908]
G[0.2637024,-0.03564453,-0.15510559]
A[-1.0171814,9.6441345,1.0797424]
G[0.24345398,-0.13632202,-0.10345459]
A[-0.56947327,9.680038,0.7666931]
G[0.12149048,-0.022323608,-0.16256714]
A[-1.1321106,9.530411,1.220398]
G[0.09272766,0.110305786,-0.18121338]
A[-1.6618195,9.626175,0.70744324]
G[0.037338257,0.06982422,-0.083740234]
A[-1.1967468,9.695618,0.5643921]
G[-0.079315186,-0.039901733,-0.049118042]
A[-1.374527,9.614807,1.2371674]
G[-0.0953064,0.051712036,-0.0539093]
A[-2.0317383,9.58548,0.860672]
G[-0.1421814,0.0410614,0.049957275]
A[-1.4457397,9.638748,0.92710876]
G[-0.185318,-0.10328674,0.14050293]
A[-0.092422485,9.82251,1.1282196]
G[-0.1975708,-0.09210205,0.020126343]
A[0.02670288,9.781799,1.0970917]
G[-0.29663086,-0.12246704,-0.1519165]
A[-1.5032043,9.484924,2.3061676]
G[-0.2710724,-0.11819458,-0.14338684]
A[-2.2825165,9.523819,3.339859]
G[-0.038848877,0.17581177,-0.034210205]
A[-2.1640167,9.5729065,2.3444824]
G[0.11882019,0.29992676,0.08564758]
A[-1.3224487,9.711777,1.6375885]
G[0.14758301,0.1694336,0.11653137]
A[-0.59521484,9.794373,1.9374542]
G[0.26104736,-0.20928955,0.099487305]
A[-0.51319885,9.797363,1.76268]
