G[0.31802368,0.74253845,0.094696045]
A[-1.3176575,-1.295578,8.787872]
G[0.10656738,0.48687744,0.17033386]
A[-1.560669,-1.5044708,11.916489]
G[0.43840027,0.31323242,0.20974731]
A[-1.4385681,-1.3009644,14.408264]
G[1.1638489,0.49273682,0.2752533]
A[0.20326233,-1.1112213,14.13353]
G[1.86586,0.48420715,0.104278564]
A[0.60849,-0.93943787,11.787811]
G[2.2387085,0.19232178,-0.19400024]
A[-0.58503723,-0.6377716,9.857483]
G[2.2253876,0.04319763,-0.3633728]
A[-1.655838,-0.06614685,9.694077]
G[2.0528107,0.39952087,-0.32661438]
A[-1.4613037,0.50367737,10.08493]
G[1.9201965,1.2171173,-0.26057434]
A[-0.44078064,1.7091522,9.436707]
G[1.6799774,1.8786469,-0.35272217]
A[-0.80171204,1.4308319,7.893036]
G[1.2783661,2.2243195,-0.48747253]
A[-2.007187,1.7354889,5.110977]
G[0.46183777,2.152954,-0.4848175]
A[-2.1430664,2.45195,7.229248]
G[-0.072402954,2.2711945,-0.4571228]
A[-2.9014282,2.2951355,10.741531]
G[0.03253174,2.6712036,-0.4256897]
A[-3.4670563,1.7773895,12.290588]
G[0.67329407,2.633377,-0.26271057]
A[-4.1924896,1.7103577,10.660736]
G[1.0802307,2.3329773,-0.05444336]
A[-5.0340576,2.2825623,9.612076]
G[0.895401,3.1495056,-0.08641052]
A[-6.363434,1.2835846,9.941284]
G[0.53215027,4.7250366,-0.025146484]
A[-6.3736115,1.1088104,8.792664]
G[0.53427124,4.7942657,0.18205261]
A[-5.356674,0.74069214,6.66481]
G[0.5332184,3.09198,0.2321167]
A[-6.3969574,-0.19065857,7.9756317]
G[0.53533936,2.184906,0.19163513]
A[-6.3311157,0.42585754,10.076553]
G[0.54759216,2.9076843,-0.27601624]
A[-6.529236,0.79338074,10.577545]
G[0.7483978,4.111969,-1.2070618]
A[-10.24025,-0.3133545,9.715027]
G[1.2693024,4.238739,-1.5436859]
A[-12.707474,-1.750473,7.971451]
G[2.0943604,3.0829315,-1.082428]
A[-12.499176,-1.8001556,3.6259766]
G[2.3990173,1.8647919,-0.41290283]
A[-11.142273,-1.5840759,1.6513519]
G[2.2322998,1.643219,0.25502014]
A[-8.833664,-1.3769836,1.6070557]
G[1.9239197,2.6866455,0.7349243]
A[-6.4927216,-1.5116577,0.64637756]
G[1.5926208,3.520218,1.0875244]
A[-4.975998,-1.8270874,-1.2504272]
G[1.0786285,3.1761322,1.477951]
A[-3.431137,-1.7935791,-1.0133972]
G[0.64346313,1.6746521,1.765564]
A[-1.592392,-0.7640686,1.872818]
G[0.82936096,0.016555786,1.641983]
A[-0.5144043,0.061950684,3.6762543]
G[1.3353577,-0.54589844,1.0337219]
A[-2.0700378,-0.2846222,4.295761]
G[1.7113953,0.0016326904,0.35568237]
A[-3.79805,-0.91789246,4.260437]
G[2.0608063,0.8261566,-0.17802429]
A[-4.9634247,-1.8510284,3.5744934]
G[2.330841,1.1191101,-0.6270294]
A[-6.0605774,-3.0978088,3.694809]
G[2.6738586,1.1031342,-0.8805542]
A[-5.632614,-3.6969604,1.9374695]
G[2.5897064,1.3838348,-1.3002777]
A[-5.2639008,-3.5425415,0.3411255]
G[1.9564056,1.929245,-1.8094788]
A[-6.93985,-4.1746063,1.0887146]
G[1.4583893,1.8546753,-1.9697876]
A[-9.640503,-5.070038,2.3367004]
G[1.3263092,0.19499207,-1.719986]
A[-11.078217,-4.983246,4.407074]
G[1.3342896,-1.9776306,-1.5639191]
A[-12.330978,-4.968277,9.835342]
G[1.6112671,-2.3898773,-1.673645]
A[-12.937912,-5.026947,16.15483]
G[2.8176727,-1.029541,-1.8930969]
A[-14.124847,-6.8830414,16.719864]
G[4.650467,-0.56507874,-1.8712616]
A[-15.320145,-11.212952,12.664688]
G[6.268585,-1.2330017,-1.5761719]
A[-16.832687,-14.584595,4.9589386]
G[7.0398407,-1.9563141,-1.2778931]
A[-17.09964,-14.957489,0.8331299]
G[6.6659393,-1.7645721,-1.1969452]
A[-16.62738,-15.904404,0.65356445]
G[6.4757843,-1.6660309,-1.2928162]
A[-17.674835,-15.447113,-1.0816345]
G[6.28244,-2.3094482,-1.2725677]
A[-16.90152,-15.387848,-1.4940338]
G[6.147156,-3.5765839,-1.417984]
A[-19.422607,-15.131668,-2.016571]
G[5.829712,-4.9731445,-1.6044159]
A[-23.586731,-14.349365,2.0733337]
G[5.6171875,-7.06958,-1.4632568]
A[-23.327545,-13.652054,9.39122]
G[5.81427,-7.879715,-1.7263794]
A[-24.184677,-13.839996,11.58609]
G[5.5703125,-5.047714,-2.1343842]
A[-24.43666,-12.836227,11.323929]
G[5.485626,-2.8910828,-1.8510132]
A[-23.934479,-12.694382,9.537857]
G[5.9735107,-4.775009,-0.94181824]
A[-25.0448,-11.476913,5.686783]
G[5.783905,-7.656021,0.049423218]
A[-24.682663,-8.552399,9.322372]
G[5.436096,-8.209412,0.6438446]
A[-21.819809,-6.1246796,14.116165]
G[5.5388947,-6.3079224,0.60176086]
A[-23.077957,-5.897232,15.164825]
G[6.0326385,-5.837616,0.98791504]
A[-28.333237,-6.6184845,14.596802]
G[7.092575,-8.18811,2.3434753]
A[-29.953506,-6.7453766,11.231155]
G[7.519211,-8.202499,3.5530853]
A[-23.868637,-4.8162537,6.126709]
G[6.9876556,-4.852768,4.2284546]
A[-15.377609,-3.2276917,-1.8184509]
G[6.167404,-3.4306335,4.4622803]
A[-7.4887085,-0.56773376,-9.734879]
G[4.883209,-3.2836456,4.0862427]
A[-2.9481049,-0.07333374,-12.524719]
G[3.3700104,-2.3472748,3.2878265]
A[-0.07746887,0.7149658,-13.55304]
G[2.0687866,-1.0572357,2.3594513]
A[0.23498535,1.202179,-13.344742]
G[1.052002,-0.96295166,1.732544]
A[-2.0874023,1.9294128,-8.228928]
G[0.6770325,-1.1520386,1.6782074]
A[-3.2773132,2.2245026,-5.8203583]
G[0.67115784,-0.7328644,2.0590515]
A[-1.2631836,3.118744,-8.535385]
G[0.14012146,-0.34936523,2.3200378]
A[2.7465057,4.5079803,-7.62558]
G[-0.520874,0.033081055,2.0558472]
A[4.454773,5.6667633,-1.7514191]
G[-0.46548462,0.14971924,1.5359955]
A[5.404663,6.7459564,1.778244]
G[0.14439392,0.5092468,1.0598297]
A[5.938568,7.0266724,-0.30711365]
G[0.3824768,0.9396057,0.67951965]
A[6.160034,6.9710083,-2.2033234]
G[0.22589111,1.0679779,0.4174652]
A[5.6464844,6.5095215,-0.6985626]
G[0.12309265,1.4679871,0.22039795]
A[4.7582245,5.818207,1.1946564]
G[0.2056427,1.6085968,0.28431702]
A[5.116165,5.593155,1.975174]
G[0.37927246,1.1734467,0.48565674]
A[5.6045837,5.463867,1.9093323]
G[0.49325562,0.84373474,0.6592865]
A[7.4774475,5.499771,1.469986]
G[0.39526367,1.4860992,0.42492676]
A[8.923553,5.4033966,0.8223572]
G[0.110839844,2.1401672,-0.054977417]
A[7.553467,5.3262024,3.0340118]
G[0.0032348633,1.9739838,-0.23448181]
A[7.0776215,5.506958,5.35997]
G[0.28607178,1.4946136,-0.25897217]
A[7.728836,6.091736,5.6963654]
G[0.4650421,1.5010071,-0.5055847]
A[7.1961365,6.870453,4.496872]
G[0.5529175,1.8818359,-0.9087982]
A[5.4094543,7.2044373,2.8556366]
G[0.46662903,2.423523,-1.2475433]
A[2.0138855,6.811203,1.5986786]
G[0.2290802,2.5012817,-1.3807068]
A[-2.6566162,6.507736,5.29953]
G[0.3244171,2.598755,-1.0723114]
A[-4.435501,6.835144,6.205124]
G[0.51776123,2.6994324,-0.5348816]
A[-1.984436,6.7860565,4.1072083]
G[0.4245453,2.8347168,-0.4049225]
A[-0.45874023,6.3197937,2.5108795]
G[0.06715393,3.1329956,-0.7505951]
A[-5.119049,5.5799713,5.2384644]
G[-0.14109802,3.2155457,-0.60466003]
A[-8.276413,6.016922,7.8236084]
G[-0.19703674,3.0190125,0.22251892]
A[-4.0332794,7.35289,8.778885]
G[-0.295578,2.951889,0.5474396]
A[3.284607,8.107056,12.740692]
G[5.79834E-4,3.2666779,-0.36444092]
A[7.4894257,7.823944,15.731659]
G[0.85224915,4.5220947,-2.276596]
A[3.2977753,5.126877,11.780624]
G[1.6528015,5.7295837,-3.93042]
A[-3.829773,2.6602478,3.4960938]
G[1.6964722,6.1215973,-4.4470673]
A[-5.708023,1.794754,-2.2715454]
G[0.9534607,5.910675,-4.66066]
A[-6.5118713,1.1159973,-0.12574768]
G[0.41230774,5.5847015,-5.012726]
A[-7.1295776,-0.31814575,4.7727966]
G[0.78834534,5.592697,-5.54216]
A[-6.050995,-3.046936,0.98457336]
G[1.024826,5.685898,-6.4241943]
A[-7.9555817,-6.8399506,-4.096527]
G[0.6855469,5.9618073,-7.343521]
A[-12.152023,-10.916672,-4.925522]
G[0.5060425,5.3476715,-7.786667]
A[-14.337921,-13.847183,-5.483368]
G[0.62908936,4.640869,-7.9086456]
A[-15.051392,-16.707047,-12.285889]
G[-0.011688232,3.3966522,-8.232483]
A[-17.343842,-21.757019,-13.433319]
G[-1.1669617,2.470398,-8.864716]
A[-23.911148,-28.248901,-8.876556]
G[-1.8279572,2.028305,-9.165649]
A[-30.774124,-33.59935,-10.016205]
G[-2.6034698,1.7044678,-8.833298]
A[-38.431976,-37.240326,-11.841766]
G[-4.123596,1.2575989,-7.4638977]
A[-39.503372,-37.553375,-8.352829]
G[-5.7348175,0.3547821,-4.856659]
A[-39.52672,-33.99498,0.8283539]
G[-6.735626,-0.29823303,-2.0741882]
A[-35.87018,-26.738754,12.526413]
G[-6.396347,0.54599,-1.1804352]
A[-26.301163,-20.906479,18.107895]
G[-5.0072327,2.183838,-2.2659302]
A[-24.691055,-20.97351,13.568497]
G[-3.9009552,3.9127655,-3.6523895]
A[-26.511246,-28.428467,4.3681793]
G[-3.977127,3.8339386,-4.0907288]
A[-25.458984,-37.07991,-1.5520935]
G[-4.8272095,3.4179535,-3.932541]
A[-19.967285,-38.753464,-13.933105]
G[-7.4754486,3.3045044,-4.329361]
A[-19.767975,-38.779205,-9.908463]
G[-10.285614,3.6853333,-5.3722534]
A[-28.356567,-38.78099,-7.957779]
G[-12.7282715,3.1846466,-5.512329]
A[-37.677795,-38.78099,-7.539398]
G[-15.394104,1.5265656,-3.7817993]
A[-36.262833,-38.78099,-12.274536]
G[-18.883896,-0.71954346,-1.4131927]
A[-30.30606,-38.78099,12.094864]
G[-19.756348,-4.4596863,1.688324]
A[-22.209457,-38.78099,37.72719]
G[-15.623123,-5.0178833,4.8835907]
A[-0.52098083,-37.57431,39.06076]
G[-11.056335,-1.0966492,4.812744]
A[5.9248047,-26.229996,39.093674]
G[-9.200653,2.3505554,3.0987396]
A[5.1652527,-17.421127,32.939972]
G[-7.5979614,2.5907745,2.5591888]
A[7.261368,-11.566696,26.72403]
G[-7.165985,1.1393433,2.1389465]
A[3.8592072,-6.829773,34.436356]
G[-5.1750183,-3.0594025,2.9192505]
A[12.119812,-2.2388916,37.904358]
G[-2.1709747,-3.3901672,2.7040558]
A[11.73793,2.1371155,31.832062]
G[-0.37013245,0.56144714,1.4172211]
A[8.600327,1.9880829,20.762482]
G[0.6695709,1.0733032,0.77326965]
A[5.000046,3.2234802,11.364029]
G[0.7563782,-0.72221375,0.8339844]
A[4.456558,3.6101532,5.3725433]
G[0.36117554,-2.8378296,1.1295929]
A[4.1656647,4.1644135,4.3651733]
G[-0.22686768,-3.291626,1.2696838]
A[6.0505066,5.3196106,7.2112885]
G[-0.5720062,-1.1078339,0.8057556]
A[4.1764374,5.9552765,6.909622]
G[-0.93099976,-0.07026672,0.7072296]
A[1.078949,7.8807983,5.173233]
G[-1.0146332,-0.7285919,1.5200195]
A[3.0655365,4.214691,3.782196]
G[-0.9128876,-3.3139954,1.8981934]
A[7.1027527,5.729019,4.101822]
G[-0.9080963,-4.5092163,1.5205536]
A[10.243347,8.193848,6.14946]
G[-1.1531067,-3.6708527,0.49630737]
A[8.857101,7.2529297,8.2270355]
G[-0.67852783,-3.324646,-0.32609558]
A[3.2265472,5.47464,5.122345]
G[-0.3818512,-3.4993439,0.10801697]
A[0.1715393,6.856079,5.0014496]
G[-0.76216125,-2.2008057,1.1024475]
A[4.5912476,8.497314,7.6021423]
G[-0.935791,-0.114471436,1.1487732]
A[9.572983,6.981186,8.399414]
G[-0.42926025,0.6855469,0.3535614]
A[8.657196,6.441284,5.6568604]
G[0.38301086,-0.9272766,-0.20890808]
A[5.5411377,6.024109,2.619812]
G[0.44158936,-2.4766998,0.04888916]
A[5.0150146,6.4508667,3.5385742]
G[-0.2130127,-1.5456543,0.30189514]
A[6.1414795,7.5097046,7.205902]
G[-0.07133484,0.32548523,0.25341797]
A[7.2452087,6.56279,7.0520782]
G[0.76330566,1.277298,0.04676819]
A[6.4216003,6.097122,2.7000122]
G[0.92948914,1.0189819,0.0914917]
A[6.9902344,5.9600525,0.1567688]
G[0.39738464,0.2605133,0.1809845]
A[8.175949,5.605713,1.0982971]
G[-0.023391724,-0.59490967,-0.09866333]
A[6.893265,5.9750214,3.7528687]
G[0.050125122,0.015487671,-0.33621216]
A[5.8493958,6.519104,3.9019012]
G[0.19552612,1.2565308,-0.3383484]
A[6.9866333,6.5220947,3.177658]
G[0.35264587,0.9710388,-0.32661438]
A[7.0339203,6.0773773,2.4510193]
G[0.41549683,-0.32485962,-0.38520813]
A[6.0864105,6.174347,1.746521]
G[0.2290802,-0.41488647,-0.4336853]
A[4.458954,6.234787,1.2185974]
G[-0.16506958,0.26742554,-0.26057434]
A[5.03656,6.198288,2.4480286]
G[-0.4399109,0.65997314,-0.14552307]
A[5.841614,6.5454407,4.8919067]
G[-0.16880798,0.36863708,-0.08959961]
A[6.5443115,6.713623,4.9026794]
G[0.31802368,-0.13365173,-0.088531494]
A[6.4730835,6.6986694,2.5521698]
G[0.21203613,-0.14057922,-0.13381958]
A[6.2031403,6.9925537,2.351059]
G[-0.10861206,0.28767395,-0.21583557]
A[5.7380676,6.8764343,3.6355438]
G[-0.088378906,0.31269836,-0.17002869]
A[6.546097,7.0667725,3.5733032]
G[0.09379578,-0.16720581,-0.14979553]
A[6.804077,6.974594,1.865036]
G[-0.18638611,-0.2556305,-0.30265808]
A[5.119766,7.147583,2.584488]
G[-0.43725586,0.0032348633,-0.25897217]
A[4.1770477,7.400772,3.6146088]
G[-0.31262207,0.1667633,-0.009170532]
A[5.098816,7.3600616,4.101822]
G[-0.16027832,-0.13684082,0.16819763]
A[6.364151,7.006317,5.342621]
G[0.16622925,-0.7136841,0.10908508]
A[5.593811,6.842331,5.6418915]
G[0.5278778,-0.3925171,0.023330688]
A[3.9813232,6.962036,3.2375183]
